id,smishing
340000,2.3349285663543076e-127
340001,7.735837572803948e-52
340002,2.136821364879783e-73
340003,1.8696682389206093e-51
340004,1.8482359573456868e-117
340005,3.335519886792159e-30
340006,1.6564154731196284e-82
340007,3.479601914134792e-151
340008,1.545646100302924e-39
340009,2.7661364164610884e-33
340010,5.160904014658108e-124
340011,0.02973167077593507
340012,4.1000544797631606e-135
340013,1.9789123650786938e-51
340014,3.721726288109201e-101
340015,2.49675223725721e-67
340016,4.8143613532555796e-27
340017,5.867271640182666e-63
340018,9.140050608271349e-50
340019,1.528048847348434e-47
340020,1.1511587569905206e-56
340021,6.12152417157988e-42
340022,3.340374571070839e-66
340023,1.1158176196803608e-139
340024,1.6851641335660963e-30
340025,2.0514929356398297e-49
340026,1.1446542352395594e-63
340027,6.85945739989134e-129
340028,7.593519363932037e-141
340029,1.8696682389206093e-51
340030,3.649610219112386e-27
340031,1.2717797460946995e-36
340032,0.013993796465092679
340033,2.6872361410005145e-103
340034,7.297962294935067e-74
340035,1.0227506582945129e-125
340036,2.810413299891625e-135
340037,5.90191806843587e-69
340038,7.005802744186906e-54
340039,1.5128888244741304e-74
340040,1.5191872485977726e-163
340041,5.757921327498242e-122
340042,0.9999994269914446
340043,2.244414118218026e-99
340044,2.900279824329637e-17
340045,8.972588796750406e-19
340046,4.8644296046517396e-05
340047,1.2455707074636115e-38
340048,2.4597525515867864e-153
340049,1.2716106616773976e-88
340050,2.0123775707125128e-82
340051,4.533094400429964e-117
340052,1.0
340053,1.4177126165465923e-128
340054,3.237987366976653e-76
340055,1.29796056292173e-93
340056,1.0
340057,8.592838163823475e-36
340058,4.0406347673826015e-84
340059,7.528196331786688e-35
340060,0.013993796465092679
340061,1.2910359233137598e-61
340062,9.75813522258259e-96
340063,3.155019037882384e-99
340064,4.471730145496812e-105
340065,0.9954174286313237
340066,2.5352471054897417e-05
340067,0.9954174286313237
340068,0.9954174286313237
340069,0.9998779397997708
340070,0.16737265310909108
340071,0.9703805326969218
340072,2.2092732713617794e-47
340073,1.9269655940711572e-05
340074,1.0
340075,1.0
340076,1.3607199100578825e-07
340077,1.0
340078,5.600690302588332e-24
340079,0.999999851124596
340080,1.0
340081,1.0
340082,0.3799012079242758
340083,4.906688636120726e-40
340084,6.488789674869921e-25
340085,1.0500791279411845e-45
340086,1.0
340087,2.5611172611023466e-05
340088,2.109897102557229e-25
340089,2.109897102557229e-25
340090,9.96094033668518e-61
340091,9.96094033668518e-61
340092,1.0
340093,1.3114198795865097e-39
340094,0.9954174286313237
340095,1.0
340096,1.66328566806786e-06
340097,1.1626947107933986e-141
340098,1.205633322133233e-83
340099,6.12152417157988e-42
340100,1.0989164911471796e-162
340101,2.666907865610899e-89
340102,2.0799967537151134e-117
340103,1.1632848829208859e-148
340104,2.451784689220751e-09
340105,8.921271224457468e-32
340106,1.0
340107,1.0
340108,1.6910113786397533e-100
340109,2.3053169836403925e-33
340110,0.9979397763593237
340111,2.8203327883201047e-80
340112,6.151079911013762e-23
340113,3.8659852123983743e-134
340114,9.093874459548365e-117
340115,4.502318476428785e-57
340116,5.154713057069488e-34
340117,1.0
340118,5.426061882492273e-49
340119,1.0
340120,0.8370140283515822
340121,1.5128929893432749e-88
340122,6.113707408815581e-46
340123,6.113707408815581e-46
340124,2.895531108371904e-05
340125,0.8036326356961744
340126,2.4495515287065603e-48
340127,3.791563654282747e-52
340128,1.2758079461346798e-78
340129,1.7592447740932573e-122
340130,1.6214124274176828e-113
340131,2.738889190072422e-113
340132,8.220973975702313e-120
340133,7.476856173469403e-74
340134,2.6286527740371376e-54
340135,3.042967966103988e-47
340136,2.573309323981671e-76
340137,2.573309323981671e-76
340138,2.6509874433501164e-44
340139,6.848327037609853e-91
340140,7.449892196844607e-28
340141,1.181932136010533e-77
340142,3.9629150242729254e-91
340143,6.463429819083501e-59
340144,1.6461210601821167e-125
340145,8.568787509351385e-31
340146,1.1446154493456078e-53
340147,5.167551791115223e-102
340148,2.222121983036912e-122
340149,1.7839544668703783e-48
340150,1.6261338557699985e-72
340151,2.2421048118186866e-50
340152,6.918631205484273e-170
340153,1.7581677405513073e-31
340154,9.563026098890641e-139
340155,1.8072425087969695e-178
340156,8.452653616190182e-63
340157,3.5926742311429256e-86
340158,2.579196094714013e-59
340159,1.7325660209471607e-34
340160,2.2723232837333643e-153
340161,3.4160805304571855e-102
340162,1.5546602136105123e-46
340163,1.5546602136105123e-46
340164,1.5546602136105123e-46
340165,6.281445398723212e-45
340166,3.5036815680737703e-50
340167,3.316108272313203e-216
340168,1.6380898665341544e-44
340169,1.6380898665341544e-44
340170,2.720423319956268e-103
340171,4.8396854640144086e-49
340172,4.8396854640144086e-49
340173,6.884574743303693e-74
340174,6.464776427420857e-148
340175,3.248562762891692e-42
340176,4.270904114001002e-66
340177,9.169111224600717e-66
340178,1.4766536650716048e-46
340179,3.7655893922493116e-25
340180,4.620589374968936e-53
340181,4.249101695652111e-152
340182,5.590231223606912e-165
340183,2.031543314323079e-83
340184,1.4264619835721324e-70
340185,1.297676838132535e-75
340186,8.607641649669567e-106
340187,1.691342776126198e-61
340188,3.838533200131427e-40
340189,3.3410107882127597e-54
340190,6.660035327934349e-44
340191,5.189950707994958e-48
340192,2.471197394797359e-42
340193,4.1218146206234985e-81
340194,6.463097263307068e-58
340195,7.993504892543014e-107
340196,3.146123789219142e-56
340197,0.7339869390605307
340198,4.65520069986874e-16
340199,6.1842509494899315e-77
340200,5.046783773570968e-60
340201,3.2215933624855913e-43
340202,2.2385529216429536e-74
340203,3.1767037180803667e-109
340204,2.4612627142351267e-122
340205,3.7832541980029406e-111
340206,1.093648945640855e-170
340207,5.691181149979103e-66
340208,8.204961462005477e-49
340209,7.851923430057692e-60
340210,4.677981193840589e-41
340211,1.1707306058426437e-95
340212,3.0572214625268353e-61
340213,3.0572214625268353e-61
340214,3.0572214625268353e-61
340215,8.165067601814389e-18
340216,5.248938039959348e-106
340217,1.0
340218,1.2672228452207277e-80
340219,1.0278249961526375e-54
340220,3.348210992024546e-40
340221,3.348210992024546e-40
340222,1.3417207217205662e-69
340223,1.0967800569686133e-43
340224,4.2462795137367956e-46
340225,3.7475625093461014e-08
340226,1.0185587546230982e-43
340227,2.6113162906827067e-70
340228,7.1265872190467465e-87
340229,1.8045938910138372e-13
340230,4.229903294698765e-94
340231,6.80445576032905e-74
340232,1.341747970728626e-43
340233,3.467130087171738e-109
340234,2.367521084378551e-27
340235,5.056609327642686e-89
340236,2.6861979888213992e-48
340237,5.096333191727755e-118
340238,1.465899714773051e-94
340239,2.7435669261999774e-71
340240,2.263863398209511e-133
340241,0.0037364324862259723
340242,2.6286527740371376e-54
340243,1.4487879592928284e-43
340244,4.2828736135663737e-45
340245,7.710138576141526e-101
340246,7.877154991916148e-129
340247,1.7645764832475327e-130
340248,2.455801093337804e-43
340249,3.3593357150258573e-34
340250,6.159711079906715e-35
340251,0.0702755036713564
340252,2.306350318670799e-65
340253,4.54956781425932e-87
340254,3.678702702988759e-83
340255,8.098777331491094e-21
340256,3.2095315804492257e-118
340257,1.0
340258,4.7117826886143916e-70
340259,1.0861501128591546e-17
340260,1.0
340261,1.0
340262,9.377109540113728e-91
340263,3.1384989489856847e-35
340264,2.65242968068299e-97
340265,1.1092446406481846e-36
340266,1.0
340267,0.999999990771812
340268,1.621585313743772e-21
340269,1.0
340270,1.621585313743772e-21
340271,1.621585313743772e-21
340272,9.47867177809792e-31
340273,1.621585313743772e-21
340274,0.9999999991819095
340275,1.0
340276,1.0
340277,8.573178991125297e-24
340278,0.9999999210401174
340279,9.47867177809792e-31
340280,0.9999986912358205
340281,1.9930212747469752e-08
340282,1.0
340283,9.77778785511608e-117
340284,1.0
340285,1.0
340286,1.0
340287,0.004500221140229439
340288,0.9999999999505462
340289,2.3201988503486374e-24
340290,3.327752890384462e-10
340291,3.7131024353196164e-29
340292,1.0
340293,1.2535128595543352e-45
340294,1.0
340295,4.027942364701853e-06
340296,4.1499926754573755e-25
340297,1.0
340298,1.0
340299,2.8767551612459277e-33
340300,7.435630241452745e-27
340301,7.435630241452745e-27
340302,2.5334452554746357e-36
340303,1.49223175975353e-79
340304,1.49223175975353e-79
340305,6.526889546462375e-61
340306,1.0870393332947882e-103
340307,6.498763900197101e-50
340308,1.59348975261066e-61
340309,4.642167501471511e-33
340310,2.524000354436816e-117
340311,5.1682500704909355e-114
340312,8.214102139835677e-56
340313,7.432077540040388e-35
340314,1.919574277980633e-207
340315,2.458513581055189e-139
340316,1.4408807632423308e-117
340317,2.8115741618909215e-19
340318,6.147600077857849e-39
340319,1.0390173700111792e-53
340320,1.0
340321,1.0
340322,3.948099200620385e-223
340323,1.0928672741333463e-20
340324,2.24839834428476e-49
340325,1.062054755175374e-37
340326,1.0788246283380489e-51
340327,5.167551791115223e-102
340328,9.711332177196096e-24
340329,4.183698107830933e-60
340330,4.336233711149949e-43
340331,3.0256626679216393e-84
340332,2.318367119201902e-83
340333,1.1661299353706928e-34
340334,9.287599294740213e-47
340335,7.772680779845266e-33
340336,4.432147578120391e-160
340337,5.731028128272595e-131
340338,7.289883386815077e-50
340339,3.9664841156709716e-54
340340,4.943881540164286e-45
340341,8.143842441553299e-62
340342,2.3714477799134825e-134
340343,6.613328895495652e-25
340344,1.4123132043949003e-85
340345,1.0
340346,2.318367119201902e-83
340347,7.296850504381163e-49
340348,2.1826611421233312e-123
340349,1.148269079529664e-66
340350,1.8091469993993878e-129
340351,3.9202074625254096e-40
340352,1.0728821829637484e-47
340353,1.19565568072214e-78
340354,1.2596910494321191e-148
340355,1.3504629939049835e-64
340356,2.3328977176994085e-83
340357,1.0
340358,1.0121299042993722e-14
340359,1.1049762027975189e-84
340360,5.955626357090495e-61
340361,4.245169283279487e-27
340362,4.5677344707621226e-149
340363,4.5677344707621226e-149
340364,3.831858569888584e-64
340365,9.667150621305651e-166
340366,2.12253230958771e-99
340367,0.9997338368505749
340368,1.1557348051917936e-74
340369,8.738207747574346e-07
340370,1.0
340371,2.539911225452377e-175
340372,1.0
340373,6.228955680350615e-16
340374,1.148269079529664e-66
340375,4.590343756163184e-113
340376,8.561345828607536e-84
340377,2.1826611421233312e-123
340378,7.317913387767976e-26
340379,1.187915982265024e-61
340380,6.575010595153237e-48
340381,3.042967966103988e-47
340382,1.6220174185766932e-112
340383,2.1826611421233312e-123
340384,1.0
340385,1.0887483350011337e-177
340386,1.754109828050511e-85
340387,3.818217970080252e-110
340388,3.248727039181515e-22
340389,1.905144447555473e-105
340390,8.818583629174546e-38
340391,1.9912897190922939e-32
340392,6.7800668123514575e-43
340393,1.3213061333299258e-199
340394,2.8541146870482948e-46
340395,1.3213061333299258e-199
340396,1.0879119448657162e-170
340397,3.0196838509569186e-98
340398,1.0
340399,0.0071545739464672275
340400,8.561345828607536e-84
340401,2.2307520788527865e-126
340402,1.036117398305232e-122
340403,2.6174154900259072e-51
340404,8.555571283698446e-78
340405,7.614664351731764e-48
340406,3.259600456811109e-91
340407,3.9960731503428543e-79
340408,1.0
340409,5.302572701957187e-114
340410,4.4662975848791744e-85
340411,2.6272979292816098e-101
340412,3.8818432850063585e-90
340413,9.098496431449325e-71
340414,1.4873431868605535e-83
340415,3.418022620776475e-69
340416,4.902586272272073e-41
340417,1.3204206779987486e-55
340418,1.2253410900346577e-48
340419,8.171166209388245e-154
340420,1.7235093027624132e-92
340421,3.171635665364242e-157
340422,1.5808254670326856e-73
340423,3.3695448120289935e-78
340424,1.0
340425,3.0630679097141254e-62
340426,3.872798843758818e-139
340427,1.7959702844328963e-34
340428,6.782960072336647e-43
340429,3.3209510726752706e-37
340430,1.642430610665083e-134
340431,3.3908606129373563e-137
340432,8.736369396950245e-100
340433,1.0
340434,3.548553077171295e-17
340435,1.1678250903395485e-30
340436,3.2964130788158694e-90
340437,1.6444472125177363e-75
340438,9.663261052298746e-62
340439,8.535176497447309e-75
340440,8.477031494221576e-204
340441,6.431322156909752e-61
340442,1.3521841453967428e-39
340443,1.887030137427575e-68
340444,2.7432304937865477e-111
340445,3.1664666050897196e-153
340446,2.469291250566601e-40
340447,7.506812255797735e-40
340448,5.578652472684694e-75
340449,5.414438042691519e-22
340450,5.828879658296803e-52
340451,5.416625581763555e-57
340452,3.313654203964434e-125
340453,1.970049949636805e-61
340454,1.970049949636805e-61
340455,1.9560865672919656e-58
340456,1.4450054565615765e-64
340457,3.1664666050897196e-153
340458,0.446954485599328
340459,1.6658128226975577e-68
340460,1.0026415540019875e-79
340461,3.0927831871593164e-80
340462,1.9432362794730717e-40
340463,7.396460645236345e-139
340464,2.0291407679870857e-48
340465,2.0291407679870857e-48
340466,3.0513051988423994e-69
340467,9.305868293126424e-59
340468,1.9653966919201314e-129
340469,1.8926307330743895e-111
340470,6.458162040758544e-68
340471,5.686451281824221e-168
340472,3.1232428028005e-93
340473,3.1232428028005e-93
340474,7.211689106171628e-82
340475,4.697800663609459e-16
340476,1.0
340477,1.275935104111083e-41
340478,4.972987339625863e-79
340479,8.612083607339894e-41
340480,5.425132349291847e-65
340481,6.780441945157059e-41
340482,1.545331738083738e-19
340483,1.0
340484,7.868293459933127e-20
340485,6.0312968845567286e-102
340486,0.06380609044813737
340487,1.0
340488,1.0
340489,4.2781810264518015e-55
340490,1.370782236033939e-48
340491,1.0
340492,1.4390614959616214e-75
340493,4.697800663609459e-16
340494,1.803785284971007e-54
340495,1.6032826595611262e-22
340496,1.6032826595611262e-22
340497,2.0056839146216816e-136
340498,2.0056839146216816e-136
340499,3.0748948313827567e-55
340500,3.9885142210388014e-143
340501,2.5706574255218342e-135
340502,1.176911700378408e-25
340503,1.8214724635175872e-37
340504,2.916768249051626e-78
340505,1.3795085909045716e-106
340506,9.314222532283533e-75
340507,4.907931848053884e-110
340508,1.1536204940801064e-82
340509,9.548018287562554e-43
340510,3.05596613100945e-75
340511,2.7245382924481993e-72
340512,1.0715135674245765e-136
340513,4.602873524896145e-86
340514,3.339172892334916e-89
340515,5.151849469578749e-60
340516,8.054421571536705e-54
340517,1.9259721156352152e-41
340518,5.385258518870861e-99
340519,0.047085743751935305
340520,1.1510713291608746e-79
340521,3.357168480387258e-58
340522,1.0761639182042634e-51
340523,2.9940602555813515e-44
340524,2.1156866845549733e-78
340525,1.103527655897458e-137
340526,6.468548431021759e-56
340527,9.735078791041773e-85
340528,3.966764503172746e-09
340529,0.0029243197155773134
340530,0.9999999999711235
340531,1.0
340532,1.2206264467094938e-60
340533,0.05375596979463819
340534,1.0
340535,6.535704899593001e-45
340536,0.9999954020751124
340537,0.9999999999985221
340538,1.0
340539,1.416432730831069e-16
340540,1.0513712847769621e-83
340541,1.0
340542,1.0
340543,7.785864167466537e-62
340544,7.785864167466537e-62
340545,1.0
340546,1.0
340547,1.0
340548,0.004410894290214353
340549,2.3850423094808612e-88
340550,1.0
340551,6.171333275183842e-98
340552,1.0
340553,5.91112712507511e-164
340554,0.9999999892811502
340555,1.0
340556,8.93910724333305e-83
340557,0.9995698167738803
340558,2.1290229954154444e-76
340559,1.0
340560,1.1770490916520707e-72
340561,1.0519011329403825e-41
340562,1.0
340563,0.9999999999711235
340564,0.0010755368824277684
340565,1.0
340566,1.0
340567,1.0
340568,1.0
340569,7.419891426142434e-161
340570,2.8597063583090916e-53
340571,1.3658279395753388e-23
340572,4.744485182156374e-134
340573,1.0
340574,3.046506304020466e-06
340575,1.2867407878907085e-34
340576,2.238595648053018e-28
340577,1.0
340578,1.0
340579,9.735078791041773e-85
340580,1.6767605462169586e-173
340581,1.0
340582,1.0
340583,6.761617014648794e-30
340584,1.0
340585,1.0
340586,1.0
340587,0.0475298412174486
340588,0.9999265141997661
340589,1.3306791697647759e-53
340590,9.575428145336753e-23
340591,6.074643734577544e-60
340592,7.1677336136509905e-37
340593,3.3887113011543885e-25
340594,1.0
340595,3.0766288184619314e-45
340596,1.0
340597,6.917055908323345e-23
340598,2.5604996150209396e-12
340599,6.718709468929018e-12
340600,1.2759955886456558e-15
340601,1.379677359325878e-57
340602,1.0
340603,1.1438914304030952e-59
340604,1.887030137427575e-68
340605,5.054253667811387e-12
340606,5.5724695917473405e-30
340607,5.628305004650476e-138
340608,1.8421440365134254e-53
340609,2.0566389494125214e-71
340610,0.9974069862330144
340611,1.28787467231323e-44
340612,3.107314061489163e-06
340613,0.985270151680122
340614,0.0017930032131945456
340615,1.4636857498168177e-06
340616,4.972329243111022e-25
340617,5.911480142683494e-66
340618,1.1280428372839462e-107
340619,0.9999983418256412
340620,1.318352373417621e-138
340621,9.944991211184109e-100
340622,3.454880987241169e-38
340623,1.0
340624,1.0
340625,5.678839024878256e-91
340626,0.9777347582910912
340627,9.939124765853344e-161
340628,8.47504917876359e-66
340629,1.0
340630,0.0012717293407144043
340631,2.324134388922177e-28
340632,1.497478687393118e-113
340633,3.522391525366315e-51
340634,3.0028578844399515e-07
340635,1.0
340636,3.472378321039893e-34
340637,1.4920526555319072e-55
340638,9.645497676570601e-89
340639,1.6893235686168393e-53
340640,1.825170455412262e-43
340641,3.544508428036994e-85
340642,1.8018083941018785e-42
340643,2.1289017351556997e-127
340644,2.3338284932164373e-118
340645,7.167404813581589e-79
340646,1.3321082676389464e-35
340647,1.4872745716020271e-22
340648,3.9648342898568983e-60
340649,1.0
340650,1.3941924268751427e-94
340651,1.8163564980778566e-56
340652,4.846406415239651e-73
340653,8.702665476827265e-109
340654,9.100807802544584e-38
340655,8.702665476827265e-109
340656,8.702665476827265e-109
340657,1.3910687045643047e-115
340658,4.960517937449013e-74
340659,1.895932215315692e-98
340660,1.8055930377642988e-120
340661,2.88230633407916e-17
340662,5.497071661247073e-07
340663,3.5444071185657136e-12
340664,0.9999999982489953
340665,8.749461236460657e-74
340666,2.3150355993395962e-33
340667,2.3451618142283125e-33
340668,1.100310255470313e-76
340669,1.7990569259384175e-77
340670,1.7990569259384175e-77
340671,5.0521214115550727e-57
340672,3.1384989489856847e-35
340673,6.731933398829724e-37
340674,0.9999999971093985
340675,2.302334777743616e-189
340676,1.0
340677,3.0806252925693527e-38
340678,1.5671857191480078e-122
340679,6.306731744461227e-79
340680,5.926317622484368e-45
340681,1.2307771368893486e-79
340682,1.0
340683,3.0028578844399515e-07
340684,4.703587622634189e-79
340685,1.5578393078245863e-113
340686,4.963737857371725e-83
340687,1.9093525389187678e-106
340688,2.0415444049570042e-71
340689,8.702665476827265e-109
340690,1.5057726656064814e-51
340691,0.07001279008214328
340692,1.1280873833061867e-80
340693,1.7990569259384175e-77
340694,8.134388554433975e-90
340695,1.0
340696,1.0
340697,7.996192688950236e-27
340698,1.9903399369775636e-78
340699,1.2534865530199696e-116
340700,3.149683132382199e-76
340701,1.0
340702,4.426049152779851e-67
340703,3.3958865421128525e-116
340704,3.051177046642283e-89
340705,2.2533741330604654e-45
340706,1.0
340707,3.211692535688263e-61
340708,1.0
340709,6.5469710854055e-61
340710,1.8988423342620787e-74
340711,7.11687005889332e-139
340712,2.720115626466196e-68
340713,8.703488056386853e-48
340714,7.88806397220193e-23
340715,4.608906238540253e-74
340716,2.032868418939261e-89
340717,1.100310255470313e-76
340718,1.0
340719,1.0
340720,9.307918735978541e-106
340721,6.97767146044816e-79
340722,3.5210198365298044e-16
340723,1.5923547024175021e-22
340724,4.6681833992641835e-101
340725,7.645216882718721e-47
340726,1.5609570241966365e-19
340727,2.1146965893006485e-136
340728,8.702665476827265e-109
340729,2.3677696335047894e-53
340730,1.4227567619737178e-77
340731,1.4498159652585683e-67
340732,1.0
340733,2.906006138783767e-78
340734,2.0424259998400657e-66
340735,4.715312943987862e-80
340736,5.6709373722156425e-30
340737,2.0037075618222613e-146
340738,7.334694907140816e-80
340739,1.0
340740,1.536436954379207e-06
340741,4.34118389947647e-70
340742,6.58886834229418e-218
340743,1.0
340744,3.2778400076589056e-52
340745,3.4404757725019197e-40
340746,0.9999999992153334
340747,1.1280873833061867e-80
340748,1.0
340749,1.0
340750,1.0
340751,8.702665476827265e-109
340752,4.760882613677171e-43
340753,4.760882613677171e-43
340754,5.804925868098162e-21
340755,4.1063805629701694e-39
340756,1.0957950554228701e-133
340757,3.2778400076589056e-52
340758,1.0897563234767864e-56
340759,4.760882613677171e-43
340760,4.166035849910473e-170
340761,1.0635059432111562e-110
340762,4.4798946252687466e-24
340763,7.019757595733975e-136
340764,3.143427548708045e-17
340765,2.0620722813982272e-45
340766,1.0
340767,7.372640203741045e-67
340768,1.429385659015663e-33
340769,4.791625747175835e-37
340770,7.454515009673367e-39
340771,2.9437496519747713e-118
340772,2.2575016187956715e-99
340773,3.153081178985388e-58
340774,2.3391941118947323e-64
340775,3.837794642945696e-175
340776,5.0924332534322656e-142
340777,5.0924332534322656e-142
340778,9.575332655178581e-40
340779,5.153229091829183e-90
340780,4.858239589218158e-103
340781,2.482576994348222e-20
340782,5.266580663059636e-115
340783,8.32743385845927e-35
340784,1.3808900452568893e-114
340785,1.3808900452568893e-114
340786,4.128617285412496e-23
340787,5.330658970977887e-67
340788,3.850685723432117e-19
340789,3.0181327919464756e-40
340790,2.1356417028533533e-67
340791,3.995855767743679e-92
340792,1.6536341818048272e-33
340793,6.069453333120855e-74
340794,2.8694366732632764e-34
340795,1.0
340796,1.1727830982644561e-08
340797,1.511322972575969e-38
340798,2.0893914472243416e-104
340799,5.822118909757727e-63
340800,1.9988189791480045e-80
340801,4.272604631870408e-84
340802,6.161872413422513e-82
340803,9.693821468694246e-222
340804,2.2450971932888924e-12
340805,2.725537828438113e-53
340806,5.703875647604672e-19
340807,5.259986004345404e-100
340808,4.2739129909018276e-75
340809,1.1210082895315787e-63
340810,4.9869813192470606e-67
340811,2.77993936162175e-55
340812,2.3135714235904496e-11
340813,9.568416518039838e-49
340814,1.4247330839239527e-91
340815,2.2450971932888924e-12
340816,2.411683189786809e-58
340817,2.909792974756935e-66
340818,1.0
340819,7.454515009673367e-39
340820,2.0113984533051413e-76
340821,3.2253532638408506e-58
340822,1.0618915183597273e-73
340823,2.056818494885228e-184
340824,6.060373513934142e-41
340825,1.0
340826,1.1210082895315787e-63
340827,2.620095220699914e-134
340828,4.972720217849673e-183
340829,5.368785745659422e-129
340830,1.7338538593526973e-18
340831,1.0507084101976848e-18
340832,1.781226339837416e-87
340833,1.0
340834,1.5526097390127287e-103
340835,3.966644050800468e-54
340836,1.5202830774395382e-33
340837,3.1714494015524214e-80
340838,1.0355944877632378e-59
340839,1.0
340840,1.744602480920213e-59
340841,1.714615479012131e-67
340842,0.9999553810605574
340843,1.5951807943877683e-46
340844,1.324613621681065e-100
340845,1.744602480920213e-59
340846,1.324613621681065e-100
340847,1.324613621681065e-100
340848,1.0
340849,3.665006348560332e-09
340850,6.382242082440349e-71
340851,0.9999999339461305
340852,5.834167224496434e-71
340853,1.0886312866023512e-76
340854,1.1449902610527198e-22
340855,7.825850985402508e-33
340856,1.0
340857,3.6431643944323074e-31
340858,3.0632753001191273e-79
340859,4.55035652941581e-78
340860,1.6808327025837234e-59
340861,3.16585073868052e-106
340862,1.6101396312751744e-45
340863,1.3725271172721365e-127
340864,1.680927891168744e-27
340865,6.707048618397217e-75
340866,1.0
340867,2.4009487890928255e-06
340868,1.0
340869,1.1207665381546652e-68
340870,7.809182072980221e-67
340871,4.061287792995896e-108
340872,4.6560073679278466e-99
340873,1.1368064420750961e-181
340874,3.799422460066284e-139
340875,5.841588241527451e-66
340876,1.914659036657583e-92
340877,6.079145877094084e-77
340878,1.0
340879,6.708653244788946e-56
340880,3.340516019822082e-75
340881,2.929583950904371e-66
340882,1.9569252429953666e-65
340883,2.9394885108430744e-91
340884,1.4685615272197477e-90
340885,1.0
340886,4.477713550307879e-27
340887,4.297083174369039e-65
340888,1.0296876352091598e-75
340889,8.035615687984364e-45
340890,1.9008108829870027e-36
340891,7.955734039193046e-39
340892,1.0
340893,3.799422460066284e-139
340894,1.1097556382919948e-86
340895,3.3528902237827493e-68
340896,5.766093899189949e-117
340897,1.0
340898,1.0
340899,1.996609462546679e-64
340900,1.996609462546679e-64
340901,1.0
340902,3.0028578844399515e-07
340903,5.811608560526418e-53
340904,6.273709255817128e-97
340905,5.871316695716187e-149
340906,0.6016429880387936
340907,4.107514722528482e-40
340908,1.2142462641006567e-75
340909,0.9626670665525658
340910,3.3080081988931722e-186
340911,4.099890045523194e-16
340912,1.4043050982853908e-245
340913,3.0342256482294256e-139
340914,0.07358942963223297
340915,1.0
340916,1.9442083113821007e-47
340917,2.0134904575999008e-54
340918,2.8203327883201047e-80
340919,6.597620816891314e-97
340920,1.0
340921,1.0
340922,1.080407616111801e-37
340923,1.0998698335835198e-44
340924,1.0
340925,1.0
340926,2.4689732777479667e-07
340927,1.065076741787191e-170
340928,2.738617544880097e-30
340929,3.154448320259263e-53
340930,1.0
340931,4.7110955422081663e-104
340932,5.422060376381294e-91
340933,2.0620722813982272e-45
340934,6.862335371222381e-31
340935,8.991955878963158e-53
340936,2.2211689744531085e-55
340937,5.961409755995348e-64
340938,1.2943355577734605e-28
340939,1.0
340940,1.1657119002461733e-38
340941,2.4689732777479667e-07
340942,2.0521877876258553e-37
340943,3.1107971383682786e-78
340944,6.44435561430353e-38
340945,8.206193560017675e-134
340946,1.0
340947,5.937183054442018e-88
340948,3.37487321114196e-73
340949,1.0
340950,1.618180763184456e-135
340951,5.349950314612164e-67
340952,2.12912819706174e-77
340953,1.0
340954,1.0
340955,1.5827695783102788e-123
340956,1.0
340957,2.0979151639553742e-52
340958,1.2509375634847341e-08
340959,1.2509375634847341e-08
340960,2.5860054048392745e-56
340961,1.807755559856837e-132
340962,1.0
340963,1.0145373010817117e-111
340964,1.0035983529555668e-29
340965,5.769900193665747e-34
340966,2.485354415072654e-139
340967,1.0366349314087668e-52
340968,2.8089872254015446e-108
340969,1.0
340970,4.6549860799351356e-166
340971,1.0
340972,1.7963940898093254e-84
340973,1.0
340974,5.539517291274976e-135
340975,1.0
340976,1.7495785114818277e-40
340977,1.4731790391426128e-07
340978,7.3778263796424e-67
340979,1.0170343257168702e-77
340980,5.92134256936432e-71
340981,3.43446265179208e-85
340982,1.3522453925921955e-20
340983,3.5590882573268163e-78
340984,0.0002219827974388856
340985,2.0651829596017777e-82
340986,1.0561944523851507e-161
340987,2.8833654325058583e-78
340988,2.6342048191086926e-47
340989,5.960661650207436e-102
340990,1.0
340991,1.7161300687262346e-171
340992,1.2061985475179713e-28
340993,2.6623438352693975e-188
340994,0.9338472667903376
340995,5.437988964881797e-113
340996,1.0
340997,2.3452073210442393e-185
340998,2.4998190946855132e-129
340999,1.0
341000,4.318720653789408e-12
341001,1.841758316359201e-29
341002,1.0
341003,1.8727596385155463e-59
341004,1.5322865959337568e-78
341005,1.4931683384226329e-65
341006,1.4910156629742558e-65
341007,3.551704075291025e-17
341008,6.575242881516773e-61
341009,0.8952572077095919
341010,1.9468596680877017e-141
341011,7.892315482873819e-120
341012,1.0961342080496077e-109
341013,6.700209996922884e-84
341014,3.37487321114196e-73
341015,8.525073320511524e-72
341016,1.3535542173592245e-107
341017,1.0949838762466206e-51
341018,3.1472332224725444e-48
341019,8.220861191541609e-49
341020,2.8281085738475277e-21
341021,9.568416518039838e-49
341022,1.6600202136109397e-109
341023,1.975981229948814e-62
341024,8.220861191541609e-49
341025,8.268236625166122e-20
341026,3.101129160912296e-76
341027,1.0
341028,5.285996934405393e-69
341029,1.1099885404856557e-74
341030,1.3257942625661466e-59
341031,5.422060376381294e-91
341032,7.274366918408739e-49
341033,8.161325075300407e-55
341034,1.0949838762466206e-51
341035,1.7338212814801588e-73
341036,1.347630329458861e-61
341037,8.222411501660799e-118
341038,8.222411501660799e-118
341039,9.411910766952027e-73
341040,4.436976863695864e-58
341041,2.663020755093103e-38
341042,3.040531908250035e-80
341043,1.0
341044,1.0
341045,2.9102656452866283e-136
341046,1.0
341047,6.0670756691646026e-58
341048,0.042892109490665624
341049,3.169043802593903e-43
341050,2.8124688305506317e-44
341051,3.4078706566519383e-137
341052,1.3868394734326873e-28
341053,1.0
341054,2.816866718132615e-45
341055,1.6378590359555232e-70
341056,1.70402021522054e-34
341057,1.9702675192756138e-53
341058,1.4318855275444723e-84
341059,4.760882613677171e-43
341060,1.0
341061,6.0282439692257573e-61
341062,1.392002050463721e-147
341063,1.0
341064,4.6202410420503025e-43
341065,6.965300239040083e-47
341066,4.011888884455782e-38
341067,2.9804910982929275e-51
341068,1.0
341069,2.2859110815368704e-20
341070,4.178297427412875e-77
341071,2.4454946001789794e-75
341072,2.260727601784666e-59
341073,1.0
341074,3.545220556616882e-40
341075,1.8410643769414097e-160
341076,4.876495625274947e-39
341077,3.2785393024909273e-48
341078,1.0
341079,5.5575844779445655e-34
341080,1.0
341081,3.1390616369998374e-23
341082,4.6183485251789305e-87
341083,9.213891436756328e-74
341084,3.444212157166265e-49
341085,1.3704281164494686e-79
341086,1.0
341087,1.4872745716020271e-22
341088,3.745942939960497e-35
341089,8.336025613563326e-106
341090,2.3791755194997866e-42
341091,2.2990642422559454e-66
341092,4.126243701469136e-38
341093,2.13313549271585e-93
341094,3.040439299038518e-09
341095,3.6579051348023335e-46
341096,1.0387470308058456e-38
341097,5.511374338899577e-100
341098,6.336328751451322e-53
341099,5.3041957390837744e-76
341100,1.143143994879387e-84
341101,4.839478772741434e-35
341102,3.8434139994254075e-144
341103,1.0
341104,1.911131527096991e-80
341105,1.1280873833061867e-80
341106,1.8747708926574304e-74
341107,1.5854972252918392e-95
341108,1.1136250556489808e-91
341109,2.8297320476289716e-101
341110,2.4042847428389084e-96
341111,1.0
341112,5.766093899189949e-117
341113,9.169322216263313e-76
341114,5.880579117704987e-85
341115,1.5272225502632107e-28
341116,8.619723577016636e-67
341117,1.522568098159665e-36
341118,2.686081918404966e-134
341119,6.877876873832892e-66
341120,5.405147439543753e-136
341121,8.36427547276675e-77
341122,3.5189540062786216e-69
341123,8.896105999752728e-27
341124,1.1510975535078348e-99
341125,7.534307396632331e-113
341126,2.6640181880845915e-66
341127,7.225078341675726e-51
341128,9.110487030012406e-128
341129,3.029768148237907e-98
341130,7.32218747709438e-31
341131,3.879909028234514e-16
341132,1.1280873833061867e-80
341133,1.4029761608625551e-164
341134,8.314221263960088e-17
341135,1.4029761608625551e-164
341136,1.1280873833061867e-80
341137,1.1017734746963615e-88
341138,3.43409946479571e-68
341139,1.0482378968740931e-97
341140,1.6172428628755522e-57
341141,4.106228360593237e-34
341142,4.3414536527860636e-128
341143,1.0246282782425627e-121
341144,2.757239156492373e-82
341145,3.321686711950174e-168
341146,2.990814790034365e-49
341147,1.7389701919994976e-42
341148,2.9933857062626334e-79
341149,3.0797984521269243e-191
341150,1.0698746783915647e-216
341151,1.7199375128199013e-10
341152,9.86273754984271e-53
341153,5.18804343392256e-104
341154,1.1839710808512976e-40
341155,2.3211748610269646e-189
341156,1.5752014562280968e-41
341157,4.0482257515757336e-95
341158,2.7502244002662364e-76
341159,6.647807765550058e-138
341160,6.447931134431645e-45
341161,2.0333333478118463e-45
341162,4.969301530828521e-37
341163,7.3035136822808e-109
341164,4.2560565453572207e-35
341165,5.18804343392256e-104
341166,8.570025102524995e-103
341167,4.445917310221018e-115
341168,1.4743968008682364e-57
341169,4.6260210337604025e-59
341170,2.930630436591822e-75
341171,0.00014882089489902901
341172,3.2407929054946916e-98
341173,1.554054997226804e-80
341174,3.9543684521673954e-59
341175,9.264791480707826e-86
341176,6.788816554056636e-07
341177,4.218469008624605e-68
341178,5.605033512789748e-10
341179,3.4244578606628348e-40
341180,1.248586903024368e-40
341181,1.7724081215004105e-44
341182,5.7643399325481e-56
341183,6.533229600468008e-111
341184,3.061515075270171e-76
341185,1.7724081215004105e-44
341186,3.9170393453326325e-32
341187,5.358323545630062e-73
341188,2.3211748610269646e-189
341189,8.69099697550389e-172
341190,1.2430308092609677e-64
341191,4.673190127263128e-37
341192,4.145012987639356e-93
341193,2.1990493460273768e-86
341194,1.382287060449523e-60
341195,8.378721090245933e-180
341196,2.0134904575999008e-54
341197,4.211586097801809e-71
341198,1.088879298774348e-53
341199,3.5163862954464796e-109
341200,4.52920718161244e-59
341201,2.5082558910929007e-105
341202,5.863347496529512e-57
341203,2.6998111727316872e-146
341204,5.587256352135488e-30
341205,5.657479615114783e-41
341206,2.4784955973012531e-85
341207,1.5920092873025444e-60
341208,5.728404573923025e-121
341209,3.479690576990557e-17
341210,2.6889616261291124e-62
341211,4.3195079362692757e-113
341212,4.853969988740005e-90
341213,2.0072654307908932e-106
341214,8.694764927231336e-138
341215,1.4240011618225484e-63
341216,8.702665476827265e-109
341217,1.977620397838338e-86
341218,1.1648761708654166e-24
341219,1.5642017089068378e-189
341220,1.0102501062438016e-114
341221,1.2966542258235701e-61
341222,2.9352282841299407e-49
341223,2.772291118939515e-19
341224,2.9352282841299407e-49
341225,1.8209069716704453e-61
341226,1.713104353083536e-80
341227,8.337570705366065e-27
341228,2.924740192680184e-59
341229,3.555577955555062e-79
341230,3.8259161145741264e-73
341231,3.392258137115355e-66
341232,8.126469784077415e-32
341233,4.673190127263128e-37
341234,3.0374255290528235e-54
341235,1.0
341236,0.8855538632156744
341237,9.665374474699754e-82
341238,8.648441291298178e-83
341239,1.0
341240,6.938754178757661e-82
341241,2.823516619694928e-82
341242,8.472491152570982e-82
341243,9.67332130942299e-80
341244,8.92816727678055e-82
341245,1.0
341246,1.369972125722227e-80
341247,2.7697165226585756e-79
341248,6.721159684228917e-64
341249,2.447757900081241e-43
341250,1.3400193148779692e-168
341251,3.50619096605708e-83
341252,3.3752679582260126e-38
341253,1.5424429386556286e-175
341254,1.0
341255,1.0
341256,1.8041892673511618e-81
341257,1.0
341258,0.9997535229508802
341259,6.215216259632792e-86
341260,8.696073355486632e-79
341261,1.0
341262,1.34331796988714e-78
341263,2.4144156734778083e-103
341264,2.4144156734778083e-103
341265,1.0
341266,1.131667823169773e-51
341267,1.8363464253804793e-84
341268,1.82886737834233e-85
341269,4.795308916624365e-95
341270,2.6463378742551793e-82
341271,0.9999537441465655
341272,4.079238821664974e-154
341273,1.4552512738055673e-82
341274,9.756505172265038e-93
341275,9.272645817632146e-80
341276,7.08051003852246e-83
341277,1.1917980310268611e-173
341278,2.8246326955138216e-176
341279,0.9845628566941076
341280,3.642591704400108e-08
341281,8.747117301637224e-96
341282,0.9997535229508802
341283,1.0
341284,1.0551421669051962e-136
341285,6.762467510916035e-75
341286,2.3487781161788938e-147
341287,0.9999002141700196
341288,5.412809811306517e-94
341289,4.610527250320872e-195
341290,1.692257954582665e-85
341291,4.008607542538436e-136
341292,1.1979958148696898e-81
341293,2.340788614987437e-90
341294,2.384106301270969e-93
341295,7.2826121044498355e-53
341296,2.6765302281176913e-80
341297,1.0357606052904841e-66
341298,1.0357606052904841e-66
341299,8.431282777794413e-31
341300,0.00013618151640662734
341301,3.1712979347459317e-41
341302,2.85000182768746e-79
341303,1.3644413250341995e-40
341304,2.516962396009637e-93
341305,3.325455195889303e-84
341306,1.0523944264129258e-83
341307,0.9999959398456327
341308,1.408708591713872e-88
341309,4.552498486312631e-202
341310,4.812883031703273e-85
341311,1.6121587214904701e-49
341312,7.145196118592051e-50
341313,9.73618220843432e-07
341314,3.525985055017653e-168
341315,4.76018820287214e-160
341316,4.76018820287214e-160
341317,1.0
341318,4.621336629029431e-88
341319,1.652913226484004e-159
341320,1.0
341321,3.258021559352836e-105
341322,6.283960985217449e-139
341323,2.9016525859773176e-54
341324,8.887495900239474e-54
341325,2.3487781161788938e-147
341326,2.726664881339629e-83
341327,5.213592695271711e-83
341328,2.7697165226585756e-79
341329,1.3713598078950476e-86
341330,2.7381059369796386e-85
341331,2.0635042764095733e-99
341332,1.2625118621244657e-90
341333,9.660505169796076e-81
341334,1.0
341335,1.872297778391247e-13
341336,4.003207955860734e-09
341337,2.647021480253785e-38
341338,1.1810844254856563e-18
341339,4.3378298542436433e-72
341340,1.0
341341,5.8808697322641674e-43
341342,1.140342048404416e-22
341343,1.0
341344,1.2739302639752784e-24
341345,3.113886083572009e-67
341346,0.9998841267418386
341347,0.9999999501511366
341348,2.931951352404465e-25
341349,1.0
341350,0.9999896834037937
341351,5.403782400952311e-14
341352,0.90841747390557
341353,2.984785569545773e-33
341354,3.037060619452008e-11
341355,0.9999999999997726
341356,1.0
341357,2.721875095972043e-75
341358,1.0
341359,0.014453708294128504
341360,3.4042116135624508e-43
341361,2.5961495618091148e-37
341362,1.738225630141937e-29
341363,1.0
341364,0.9999999978797405
341365,1.0
341366,3.486673350461575e-17
341367,0.9972972493315562
341368,1.0
341369,9.550255890157737e-09
341370,1.872297778391247e-13
341371,9.030909812761783e-22
341372,1.0
341373,6.274062224630538e-66
341374,0.9999998666718373
341375,4.730884093321458e-28
341376,2.182446102648474e-39
341377,2.182446102648474e-39
341378,1.3014155699118105e-20
341379,0.9976502003198936
341380,5.7211688880807575e-164
341381,0.9947111609705277
341382,8.290084702892335e-65
341383,1.0
341384,1.0
341385,0.7244063083241354
341386,5.412035756847473e-36
341387,5.56844767696777e-138
341388,0.9999999352627377
341389,6.261698886144683e-163
341390,3.822970100250646e-78
341391,0.9977180058375614
341392,0.9999999997887983
341393,1.3654077485465691e-52
341394,2.785413649360367e-101
341395,0.9996952161399862
341396,3.4763670791352365e-94
341397,2.8203327883201047e-80
341398,9.729061293850182e-81
341399,1.1307270982727942e-95
341400,5.5636333448195423e-73
341401,1.854030550097503e-90
341402,1.5603453280818452e-76
341403,1.4532800431510403e-12
341404,0.9999994774436176
341405,0.9999708891151805
341406,1.78836427076949e-08
341407,0.9999999987549018
341408,9.698402120440162e-25
341409,2.3347663602037275e-82
341410,1.2321033715963658e-24
341411,0.9999996693003915
341412,1.0
341413,2.054407783586258e-24
341414,1.0
341415,2.1225436190757364e-21
341416,3.817190445093047e-87
341417,6.264711765808614e-10
341418,7.10867933162049e-28
341419,7.10867933162049e-28
341420,1.0
341421,2.054407783586258e-24
341422,1.0
341423,1.0
341424,2.2123576296350694e-69
341425,1.2463706004073902e-84
341426,1.0
341427,4.370333063912075e-28
341428,1.0
341429,0.997828052688352
341430,7.318284961163291e-13
341431,2.3337516795900816e-63
341432,1.8867261159533573e-59
341433,9.10601326316831e-48
341434,1.2312948865967714e-08
341435,1.2710342962773982e-116
341436,3.3830548408172195e-100
341437,2.3929655065399976e-07
341438,1.2730081270897181e-79
341439,1.550763494499105e-97
341440,2.6775890154269595e-37
341441,9.632476013249033e-30
341442,1.4645426288488045e-25
341443,1.4029761608625551e-164
341444,7.46102702962027e-27
341445,3.066708269859237e-79
341446,6.81838540139604e-59
341447,3.381138841655977e-33
341448,4.611710403741279e-43
341449,4.611710403741279e-43
341450,1.324613621681065e-100
341451,1.810868528267673e-18
341452,7.124842049505017e-24
341453,3.725943673329589e-34
341454,1.0898534077420029e-58
341455,3.4857654202882566e-23
341456,1.2760153640001496e-39
341457,6.461444312073873e-60
341458,1.0
341459,1.1870442631174897e-133
341460,6.400396707828762e-77
341461,1.9519383594219435e-105
341462,3.457449427132227e-47
341463,1.4290255964193568e-53
341464,1.0
341465,5.625346135413438e-75
341466,1.0
341467,1.0
341468,9.32680948698566e-136
341469,9.32680948698566e-136
341470,9.32680948698566e-136
341471,9.32680948698566e-136
341472,1.0
341473,9.506348641647629e-54
341474,1.0
341475,1.023341023478955e-43
341476,1.0
341477,5.3664041904930794e-11
341478,8.015509656654271e-136
341479,4.563554379877254e-22
341480,4.547115985049608e-60
341481,8.268974468216264e-76
341482,5.7042452398573314e-46
341483,1.437102490778324e-39
341484,6.742490840306297e-91
341485,6.845337257471687e-110
341486,2.3211748610269646e-189
341487,2.5305934979714023e-101
341488,1.5924606961667957e-41
341489,5.27008746883464e-79
341490,3.133653378336827e-40
341491,2.1572219913633935e-44
341492,1.289035065340623e-66
341493,3.0704195051275884e-62
341494,1.5753827531301045e-75
341495,8.535176497447309e-75
341496,1.3354418966065778e-114
341497,4.438636456342076e-43
341498,5.967632994802549e-73
341499,1.9258060305903012e-69
341500,2.569729948997601e-117
341501,4.282627588253367e-64
341502,7.597027703733015e-49
341503,5.414245991407359e-43
341504,9.962218743344542e-106
341505,1.7363226929250103e-117
341506,7.81835719585582e-57
341507,1.7919579324678948e-181
341508,1.46329601358894e-57
341509,1.0334538669869727e-56
341510,0.934113506271996
341511,7.346636733814384e-187
341512,7.346636733814384e-187
341513,2.651850504270023e-66
341514,4.3929778829145074e-85
341515,1.1791928670361471e-66
341516,1.0
341517,1.494173867785764e-57
341518,4.859804357757684e-104
341519,2.1130560161302553e-63
341520,5.693531373433382e-126
341521,1.2720015133401114e-77
341522,1.254425807826199e-70
341523,2.801796377903633e-55
341524,2.3565256032553977e-72
341525,1.8703349520698545e-74
341526,3.809146113638461e-66
341527,1.0
341528,1.0979393535604899e-118
341529,1.5915284272367526e-60
341530,8.122168837770747e-60
341531,1.0
341532,6.650069479244096e-106
341533,2.6831365244651796e-111
341534,1.0
341535,9.669054919431574e-116
341536,1.0
341537,2.853550187794632e-69
341538,8.081679445437504e-58
341539,1.0
341540,6.402923709736482e-20
341541,1.0
341542,1.0
341543,2.5365811219617883e-78
341544,1.1977756120754184e-144
341545,1.0
341546,5.361613277100123e-29
341547,2.3049458461948584e-90
341548,4.95450890467815e-88
341549,1.0
341550,1.0
341551,1.0
341552,4.796042452823009e-25
341553,2.7822548593238586e-69
341554,1.0399882368108535e-17
341555,3.774394443147059e-71
341556,1.0
341557,1.0
341558,7.757247768816554e-220
341559,8.215174164853157e-102
341560,2.0565921339014584e-153
341561,3.991861448499796e-82
341562,0.00013734238569559047
341563,1.0
341564,1.1625193187676823e-137
341565,1.572601879808286e-116
341566,1.0
341567,1.0
341568,3.3261195062389324e-11
341569,6.003328123852664e-98
341570,2.2900659789731305e-116
341571,8.883979019315835e-82
341572,3.4530291271933365e-119
341573,3.278465555420893e-116
341574,1.0
341575,8.540428534382098e-67
341576,6.5271825749048755e-139
341577,5.606208057046902e-51
341578,5.721583289263358e-166
341579,1.0
341580,1.0
341581,1.0
341582,3.9699055526213196e-30
341583,2.428075297406942e-46
341584,2.428075297406942e-46
341585,1.024984729215565e-98
341586,5.66880874009817e-182
341587,8.914952981321837e-90
341588,8.373157331242485e-98
341589,1.1193095189383475e-95
341590,1.0
341591,1.0
341592,8.582966422836679e-19
341593,0.9999979875926569
341594,5.162354053666357e-61
341595,5.315754821090355e-167
341596,1.2826270761509977e-168
341597,7.017187524669752e-114
341598,1.188998319734226e-65
341599,1.0
341600,1.3551789435383824e-79
341601,2.9934955157981667e-81
341602,2.8080781644817086e-17
341603,1.9760796731945754e-31
341604,4.703268432386524e-60
341605,4.703268432386524e-60
341606,1.0
341607,1.0
341608,1.0
341609,1.0
341610,1.0
341611,1.0
341612,1.0
341613,7.857887211516867e-54
341614,7.857887211516867e-54
341615,2.0039447645034447e-150
341616,7.811257214950764e-82
341617,4.5922661189078034e-184
341618,1.0
341619,4.56880987370334e-225
341620,1.0
341621,1.4424112406813317e-197
341622,4.9045793293557274e-67
341623,3.389420730959651e-48
341624,1.1219764324032663e-156
341625,1.7999498838392596e-23
